folosing biblioteci specializate:
f(x) =  2.5460767016071646  +  1.8735928857661603 *x1 +  2.355711057750103 *x2
folosind cod propriu:
[[3.016715090951963, 2.7939963765668865, 2.7919020714774434, 2.9237386822489877, 2.726140803235305, 2.803037660473586, 2.77938680376851, 2.662461022390993, 2.8050878203854377, 2.781777012373021, 2.481229380937448, 2.1624281053516774, 2.764609438955629, 2.820830157977199, 2.8465805007768736, 2.762605810284934, 2.709130218766852, 3.1948985333107007, 2.653263616362676, 2.2645679728251427, 3.015480507485823, 2.0679636884247565, 2.4985195101873647, 2.230215149950746, 2.126337156182093, 3.084885668436804, 2.5454782886860103, 2.336299347495385, 1.7471658099032306, 2.343808399513654, 2.6118248491081144, 2.1918309961807205, 2.547088543699131, 2.4975770073411785, 3.407902330600883, 2.03402786135716, 2.7599782984871224, 2.5301313830289947, 2.9549916372999157, 2.330418989307091, 2.747024739212193, 2.3428104451049747, 1.4762015712146739, 1.907032545159196, 1.7454232485361172, 2.418764653054353, 1.6895191335292161, 2.4180284045989886, 2.3094573364418243, 1.815608492623688, 2.6116771137550003, 2.273810134973332, 1.9132255554747946, 2.2449159011809527, 2.42965085163892, 1.33115721506123, 2.258731713318711, 1.7027683157705336, 2.0936384384307107, 2.3544062506384678, 2.4766459737826647, 2.5318376492994386, 1.9593455336408891, 2.2347637602467376, 2.4174698748505024, 2.4396037575640412, 2.0572367149963338, 2.0769615040419196, 2.1280637802952524, 1.8082897876055708, 2.820197824027847, 1.75829782760021, 1.8611350602643228, 1.8678093001139897, 2.1905385988765063, 1.797550411010811, 2.1387406340633515, 1.7034323108615081, 2.0480846853564447, 1.3244415566641745, 1.8909492251618656, 1.9219207429668264, 1.9361642616188361, 1.678792915463727, 2.117751996481855, 2.095896130808911, 2.1452388390828188, 1.9210073407335837, 2.442668555545, 1.7179110511028304, 1.4021223536909782, 1.9279390624628627, 0.41920694209305753, 1.6375197461141577, 1.517874914525291, 1.1478244110511715, 1.749931365554418, 1.2528491079305333, 1.0553920201400047, 1.9109369388557864, 2.009405829027561, 1.812277745867565, 1.3196396689898338, 1.7790756996978212, 2.0612402227600977, 0.798046579005885, 1.1856575796459126, 2.0284680031108335, 1.8527217598784138, 1.2523100566700056, 1.8895852075242423, 1.1936907398505563, 0.6842519767284472, 0.9203405493341561, 1.0149257332369959, 1.3220414145498485, 1.9658456059389426, 2.135323371667226, 0.8081469353345132, 1.9889931586446585, 1.5817878459396102, 1.5792368402554087, 1.1092702010215256, 1.5840861959888817, 1.7332364996925729, 0.29881522619110634, 0.9645575354893985, 1.2592890059450252, 1.3751924281783168, 1.0756131575096144, 1.3473448263396537, 1.5243128892068447, 0.8981790751064951, 0.7722408643135066, 0.4928232855886032, 0.6740385779855127, 0.8111876590932405, 0.8212882099200511, 1.090446677448646, 1.3876175497362915, 0.7164420073650686, 2.1348370509150816, 0.9675000601404975, 0.6145483921781, 0.6151426126276627, 1.114949393216415, 0.7355845720001623, 0.4039468980985821, 0.6168063381615249, 0.7354715018718749, 0.9657808873360947, 1.308051435156316, 1.0740584314710548, 0.18616680069156386, 0.17209915335584816], [2.7939963765668865, 2.589343813106747, 2.5874732633750988, 2.708067454419816, 2.5267678900051456, 2.5958766044252837, 2.5753007781692343, 2.4682017881875544, 2.5989489084035755, 2.5770817493084466, 2.2929951357501, 2.008176055303396, 2.5598731729627415, 2.6087454633961524, 2.6352763614977563, 2.557808256465222, 2.5077838349775416, 2.9557206691826536, 2.455184041615654, 2.0930456023423627, 2.7916920125457607, 1.9153705745631613, 2.3125289454559854, 2.0666342049088273, 1.967831861996545, 2.8528075635427657, 2.359827346402314, 2.1675932554251642, 1.6252448903427954, 2.1732082191405437, 2.415538837875958, 2.0351430660345615, 2.3514641316640192, 2.308107675290476, 3.151381330673798, 1.8859826793128853, 2.5505172389271498, 2.34271719323375, 2.731371644646112, 2.1499246163984336, 2.5424042313666217, 2.165896387322261, 1.3731302797075555, 1.7685562896645968, 1.6193672726154626, 2.2406620437139724, 1.577874997035595, 2.2285629276861494, 2.1340768179445084, 1.688711732148216, 2.416935981673771, 2.0953452133555306, 1.7646311219823314, 2.072807687526971, 2.239285009927974, 1.2311634436799077, 2.0911613600339765, 1.5857171385554758, 1.9380853040345354, 2.1780537151433452, 2.2916150843775984, 2.3466172283076596, 1.8163051851855843, 2.070663882756873, 2.2323217825363555, 2.257988592151444, 1.899383829937522, 1.9248462789265004, 1.9645672137527785, 1.6787965386783767, 2.6075261004066537, 1.6377870672910109, 1.7157955385311272, 1.7309943911948296, 2.016453990921241, 1.6689825654772186, 1.972411767152069, 1.5734062855475301, 1.8986700854401855, 1.2247661330208115, 1.7532929660253274, 1.769170477803041, 1.784007097498436, 1.557211998026296, 1.9593278922051611, 1.9459703903600791, 1.9714427438279738, 1.7741562006152014, 2.2616361444029627, 1.5842647951123594, 1.3008895117562633, 1.7821315833074576, 0.41050139396132873, 1.5264141695699984, 1.4090699212104807, 1.073030508353289, 1.6264921731932027, 1.168624132321325, 0.9869117851423694, 1.769493771359647, 1.863479123063108, 1.6744957794906978, 1.221206524708783, 1.6437200004148562, 1.902788222117916, 0.7456478232517956, 1.105942937137991, 1.8710066704223494, 1.715559924960214, 1.1691433609764723, 1.755374579720236, 1.1142783949231314, 0.6483091709856488, 0.8662739162296171, 0.9471014322448044, 1.232365488241583, 1.8152769949151961, 1.9717262934723614, 0.7588127950797501, 1.84830796979668, 1.4591684840146553, 1.4685903452054412, 1.021420090286848, 1.4715239853644517, 1.6028648274548756, 0.2842443472768435, 0.8978241395739084, 1.174216562147008, 1.2885438796144324, 0.987043847313332, 1.2539000489467451, 1.403199888441743, 0.8428638002479814, 0.7222280685046749, 0.46768814828528416, 0.6383422241148298, 0.7509302119900342, 0.7677272937593042, 1.0169096452309048, 1.2725193520392284, 0.6616121011070237, 1.9796296137228389, 0.905689246734039, 0.5717640589344344, 0.5654333268589604, 1.0332674583542738, 0.6809366880635639, 0.38485138980452666, 0.580734788629728, 0.690935380609387, 0.9108608115606042, 1.2030828451570819, 1.0018528907691338, 0.17331801356143242, 0.16954894123371025], [2.7919020714774434, 2.5874732633750988, 2.5856071122513247, 2.7060454997051946, 2.524955947501741, 2.593921366254817, 2.5734185611390843, 2.4664516156515455, 2.597042228942141, 2.575179440216753, 2.2910575144572065, 2.006904659419252, 2.557927052346709, 2.6066241134290404, 2.633251352219294, 2.5558546160479705, 2.5058461577421243, 2.95336193103802, 2.453248616625816, 2.091288896938797, 2.7895491181880785, 1.9139383733119364, 2.31072925266364, 2.0651315680076268, 1.9662908790444056, 2.8504816583255743, 2.358157180349333, 2.1661322622148607, 1.624333042374669, 2.1716849518899872, 2.4135782685326483, 2.0338399657858686, 2.3493731200514745, 2.306157505077786, 3.1488058277785633, 1.8846610322637045, 2.5483585318610364, 2.3409343227475485, 2.7290877133282527, 2.147947127000972, 2.5404199539406074, 2.1641017534616944, 1.372357342668031, 1.76733103106207, 1.6182750341362189, 2.2390028949564407, 1.577259609237343, 2.226418006427428, 2.132265776765222, 1.6877556554055972, 2.4150408500010427, 2.0933154558124305, 1.76299008336076, 2.070977877022164, 2.237130218321409, 1.2301661874450056, 2.0895586789896905, 1.5849039175104047, 1.9365899392349726, 2.176311410510558, 2.2898026701968486, 2.3449319758683096, 1.8150137129794297, 2.069150288733782, 2.230359379247446, 2.2562308975733902, 1.8977013199977264, 1.9234564790075095, 1.9628178726718566, 1.6777119392412745, 2.605378198248116, 1.6369625573852842, 1.7141654978921987, 1.7297437854594677, 2.0144067627541498, 1.6679110665921284, 1.9705679535573564, 1.5720420653199363, 1.8973245549547486, 1.223765980737431, 1.752063224383492, 1.7673737390682074, 1.7822705205988902, 1.55614709968042, 1.9577693313767224, 1.9447202400851717, 1.969296807559633, 1.7726084799800055, 2.2599107801290335, 1.5827818583907978, 1.3000133643663963, 1.7806452989567303, 0.4111577748630647, 1.5256943078398018, 1.4081548844977243, 1.0726573535229607, 1.625522435131394, 1.168106626657882, 0.9865810587823765, 1.768151712520651, 1.862187375847379, 1.6730679176537184, 1.2202475178210912, 1.6423141245627761, 1.9010900042411136, 0.745371476201946, 1.1054528989506978, 1.86927034652444, 1.7142575744264645, 1.168669608867741, 1.7542882525782302, 1.1138209156075134, 0.6484548904996426, 0.8662261835350613, 0.9466994903266729, 1.2317853546538675, 1.8136808050343716, 1.9699904593187918, 0.7586917250286227, 1.8471894533761708, 1.4578216678945208, 1.4677472280960313, 1.0203963759441859, 1.4706111561000368, 1.601558913589246, 0.2843559196293325, 0.8973452461165543, 1.1736787404897, 1.2882229225570145, 0.9859070320359651, 1.25322139213413, 1.401776402482639, 0.8427085837584853, 0.7219901136535203, 0.4678251379615491, 0.6384734149891846, 0.7503513458430487, 0.7674583960268007, 1.01644943244987, 1.2710171092731308, 0.6610322533140331, 1.9782499204598154, 0.9054272264168908, 0.571447591031794, 0.5648233666203375, 1.0325203751640897, 0.6804114973623308, 0.38502784921990263, 0.5807097649125271, 0.6908405941563507, 0.9108880698623161, 1.2018170855951358, 1.0014092334566171, 0.1732269148172034, 0.16986201104155352], [2.9237386822489877, 2.708067454419816, 2.7060454997051946, 2.8336485220541174, 2.642333690544205, 2.716622300678323, 2.693850361471475, 2.5806630823185928, 2.7187417201136603, 2.6961180584174396, 2.404186958181836, 2.0963902091169917, 2.679331919356858, 2.7334589814218386, 2.758718350511101, 2.6773664308335023, 2.6254829040983316, 3.096057513882017, 2.5712413274974204, 2.194283971722675, 2.922411122240912, 2.0042373295895635, 2.421341500007591, 2.161599971446014, 2.0606308303577534, 2.9893199107819712, 2.467282606874394, 2.2647201171578693, 1.6941152970629332, 2.2718465322679395, 2.5309368584524514, 2.1248569685208287, 2.467731005198378, 2.4200275645158396, 3.3023138947459487, 1.9715779445777, 2.6742716643544155, 2.452081813261641, 2.863301535571077, 2.257641523393244, 2.6621557269305116, 2.270158410393178, 1.4313719102186897, 1.8485184693130023, 1.6919452232669558, 2.344270425544925, 1.6389248501256783, 2.3422682752911412, 2.237728423353934, 1.7604572566178502, 2.5309668065615774, 2.20253473340531, 1.8534302341983906, 2.1750077126632275, 2.353527739531592, 1.289936633448076, 2.189024997633849, 1.6512658263821394, 2.0290006295302505, 2.281556826632322, 2.4000681655605147, 2.453997306720719, 1.8991399285633301, 2.165987724416594, 2.3422095828934704, 2.3642444619831573, 1.9931579442046141, 2.013086739950174, 2.0617552915148774, 1.753010083645869, 2.732774612880627, 1.705156135609922, 1.802878505419516, 1.8103647775782752, 2.121630176183117, 1.7426166574352604, 2.0718723809222035, 1.6504504966462965, 1.98516410263518, 1.2834079258776088, 1.832889376931647, 1.8614608417674647, 1.875450993808291, 1.6273183371837157, 2.052247896004639, 2.0318426812988175, 2.0773816740616686, 1.8612337787321203, 2.3673061111604525, 1.664195047258565, 1.3591660710333962, 1.8681274125537728, 0.4087973292581356, 1.588155602046494, 1.4714609805159358, 1.1135707506502168, 1.6966473029553313, 1.2151692376752394, 1.023929552730836, 1.8520002040266652, 1.947748708881783, 1.755972863593627, 1.278854231008232, 1.7237912987878274, 1.9970038030485249, 0.7741862814394572, 1.1499977576969322, 1.9650803714491862, 1.7955773684943606, 1.21476175021085, 1.8319449208064893, 1.157884387770024, 0.664807961070893, 0.893541877932877, 0.9844472976345151, 1.282190340905302, 1.9046441584247464, 2.0688402860153343, 0.7844053869984241, 1.92838665440067, 1.5323775017993397, 1.5312351681969147, 1.0744099669744065, 1.5357592569789877, 1.6795454417506863, 0.29045098169583095, 0.9353348971155053, 1.2213686674861313, 1.3344877835003461, 1.0414286268725261, 1.3064993653994734, 1.4763650481741297, 0.8717378413160677, 0.749230171166074, 0.478903889380324, 0.6548520554212593, 0.7861448834819771, 0.7967740915963943, 1.0576251753033805, 1.3434225499509045, 0.694142433244102, 2.0693117898520983, 0.9387668329158719, 0.5958996994490566, 0.5956989794463589, 1.0806576111265613, 0.7128750661921719, 0.39270779885225443, 0.5988645005282383, 0.7139057925478466, 0.9378640367137352, 1.2667889754244344, 1.0417557434558427, 0.18053014115708477, 0.1679411833673293], [2.726140803235305, 2.5267678900051456, 2.524955947501741, 2.642333690544205, 2.4657631643981035, 2.5327910985661513, 2.5129682990620754, 2.4086980055125458, 2.536012478919659, 2.5146235228998943, 2.2363444583260956, 1.960433684851301, 2.497583462584372, 2.544659281091122, 2.571057016595894, 2.49552881546095, 2.446624591148847, 2.8833075893980635, 2.395138749769648, 2.0413874513247805, 2.7236711097165522, 1.8688689234366247, 2.256074875710973, 2.0166478185431127, 1.9197506462685183, 2.7826989848185804, 2.302950166570268, 2.115670933198548, 1.5871213794057062, 2.1208941581635687, 2.3562150957926256, 1.9866952331195598, 2.2929116004114385, 2.2510846017731123, 3.073908081632275, 1.8405840879439157, 2.4874889437923766, 2.285703470455822, 2.6639965549627656, 2.0961015851353215, 2.480313371576979, 2.112542319843836, 1.3409094781143487, 1.7260463459209003, 1.5805737673144928, 2.186334545597689, 1.5420496002127346, 2.1723529424032018, 2.0813184693495557, 1.6490615606032895, 2.357870711029659, 2.042437902866694, 1.7203749525633998, 2.021252802976569, 2.1828065627613924, 1.2009359008904097, 2.0402201622691747, 1.5488570619696311, 1.8908290855083905, 2.1246746162403656, 2.235544038327477, 2.2899509726588634, 1.7725018036665459, 2.0205447254680813, 2.1768356201468917, 2.202864009873178, 1.8521168682970233, 1.878332219285098, 1.91563815614371, 1.6387892359506315, 2.54334873464606, 1.599784417039008, 1.6726127760023928, 1.6891613777222578, 1.965125736170051, 1.6292388703601448, 1.922902562815617, 1.5343812971250057, 1.85290015091254, 1.1946601300599184, 1.7110836761907349, 1.7241342554488073, 1.738924054608105, 1.5198433473545645, 1.9113478630277072, 1.8996271283053816, 1.9206251341214087, 1.7301105193368045, 2.2065771912712533, 1.5444897725824949, 1.2697310898504075, 1.7381887009076185, 0.40477193342146206, 1.4912094333488533, 1.375469803640754, 1.0488669233889407, 1.5880878799377967, 1.1418192198447008, 0.9647423960253079, 1.726450459280937, 1.8186843718269157, 1.633069069291653, 1.1913561950680027, 1.6030359553213576, 1.855380719795665, 0.7287816204927297, 1.0805744781901052, 1.8240986574534839, 1.6738232989450568, 1.1425199795882477, 1.7137523390786287, 1.0888781732926938, 0.6353423253792094, 0.8478812777257403, 0.9254544367337673, 1.2039472332040007, 1.7701550370204164, 1.9227063738062926, 0.7423531783314493, 1.8045935287245796, 1.422617840619187, 1.4340572247149508, 0.9954786047083648, 1.4366226928704477, 1.5634779503490288, 0.278768882004796, 0.8768730175527722, 1.1472049166656315, 1.2600863311340023, 0.9613264825975315, 1.224596484795919, 1.3674868049686597, 0.8244898127745399, 0.7060222861636967, 0.4584740644447829, 0.6255206829406208, 0.732622645987326, 0.7504304149463804, 0.9935411289852529, 1.2392028207313297, 0.6451749656751145, 1.9320101253503743, 0.8855268542640587, 0.5583711472070542, 0.5508825061594389, 1.0082939339838832, 0.6643343216056927, 0.37754960222423106, 0.5684353656564632, 0.676016077016359, 0.8918621264171414, 1.1722638159544594, 0.9788732206361794, 0.1692794895950197, 0.16736707407138052], [2.803037660473586, 2.5958766044252837, 2.593921366254817, 2.716622300678323, 2.5327910985661513, 2.604524465236949, 2.5823705411110325, 2.4735665157436557, 2.6062719763620863, 2.584649507883214, 2.306158448315157, 2.0085368795520138, 2.5688734717476835, 2.621541012493729, 2.645107665889568, 2.567039829669684, 2.5174186305618482, 2.969043441655716, 2.465624193853433, 2.1047473429880696, 2.8020462704018425, 1.9214765579762982, 2.321751641338202, 2.0721026233776234, 1.9759303611676298, 2.866960063562743, 2.3648736062056095, 2.170309610157196, 1.6224636427944268, 2.1774665183776247, 2.427290396588848, 2.035892696759091, 2.3676918655483, 2.3213519326578824, 3.167176924025327, 1.889670428179739, 2.5652500932463864, 2.3510022958355554, 2.746418407164949, 2.1664854857390154, 2.552692955707334, 2.1773961845378262, 1.3708470909092123, 1.7716444335084667, 1.6214165145766808, 2.2473776269195924, 1.5680924115384045, 2.2482252267042027, 2.146530128405124, 1.6860480992360711, 2.426947332612982, 2.1141747233839787, 1.7786948696941276, 2.086760490445966, 2.259030117194051, 1.2371001253123644, 2.0988520878775594, 1.5809973030989362, 1.9454755455439778, 2.1879804622544556, 2.301515333683785, 2.352276496319757, 1.8203461994280603, 2.076353616681501, 2.247132583477165, 2.267005504763287, 1.9123212689199427, 1.9296838163853847, 1.9781871984847545, 1.6796686119114892, 2.6210384844587185, 1.6325077264466161, 1.730373269535977, 1.7353650244751904, 2.0370385258384403, 1.6696721374362058, 1.9883820212786565, 1.583348355007854, 1.9027760811340921, 1.2308839519191515, 1.7567496038440296, 1.7872455782821228, 1.800259567576623, 1.5595652698243399, 1.9680274383620104, 1.9467960079661488, 1.995357368958715, 1.7856145121178533, 2.2697446835765414, 1.5971438224803118, 1.3025020719648068, 1.7918465819967633, 0.38652987544468836, 1.520218980764337, 1.4099251221624423, 1.0651880924675425, 1.625209606028553, 1.1629987876508343, 0.9793712756311542, 1.7756316347680179, 1.8667520653309793, 1.6844465878246817, 1.2263030878150905, 1.6535996324818265, 1.916081926056873, 0.7406453639945833, 1.100626923855482, 1.8858226903591884, 1.721542130218038, 1.1623612815681912, 1.7550334560602585, 1.107970965764806, 0.6338303725818346, 0.8532895993665351, 0.9420840656217829, 1.2273360858026907, 1.8273314517908714, 1.9848741658244413, 0.7495191215420668, 1.8472842411533774, 1.4705312892109341, 1.4665799985335188, 1.0314981644078638, 1.4712948444194718, 1.610792652003195, 0.2766449461968293, 0.8956360283469522, 1.1690324495162083, 1.2757897703938388, 1.0006549321937157, 1.2511022255844315, 1.4174945259925165, 0.8330848616534885, 0.7166029994380223, 0.4564068923725496, 0.6244084967635153, 0.7537797868684812, 0.7621664768222134, 1.0122741738870025, 1.2910284565071393, 0.6659553520010555, 1.9833015805964802, 0.8976805879059363, 0.5706721952281562, 0.5721474707793915, 1.0358913397765626, 0.6835280082901143, 0.3738957466205719, 0.5718472782926814, 0.682067504582703, 0.8951757740048494, 1.216527213329622, 0.9970304160751678, 0.17286024237656644, 0.15854673218921891], [2.77938680376851, 2.5753007781692343, 2.5734185611390843, 2.693850361471475, 2.5129682990620754, 2.5823705411110325, 2.5614900298897827, 2.454580522204716, 2.585062723883787, 2.5633959476468333, 2.282571760862157, 1.9960014144451672, 2.5466832756629763, 2.5962920567228522, 2.621852295682941, 2.5446940603902233, 2.495085346555867, 2.9412905111680705, 2.4430266847266084, 2.0834455760223767, 2.7774546439812537, 1.9053301429386207, 2.3009113635109424, 2.0554954194331345, 1.958014280720202, 2.8392326764149214, 2.346781551796985, 2.155086813378277, 1.6145535327013332, 2.1610880350057258, 2.4039814678938756, 2.0229096642326665, 2.3415192590004335, 2.2976140175907602, 3.136429859550103, 1.8754622660850926, 2.5389481075166445, 2.3306593806365474, 2.718782833676076, 2.141302326052593, 2.5296725215821274, 2.155796048971146, 1.364115580092655, 1.7585899874306015, 1.6100293794090876, 2.228799850503372, 1.5655634884122902, 2.2203059681298254, 2.1244310224000684, 1.677664574118902, 2.404895421552489, 2.08767527194442, 1.757682466111687, 2.0639453359906956, 2.2309851083011036, 1.2252583964987378, 2.0804788231023874, 1.574738595808337, 1.9282563389260048, 2.1674500184995575, 2.2803101249263715, 2.3338193693571427, 1.8063069641895906, 2.0595608347570566, 2.2227185772542617, 2.2466482074713334, 1.891304419846584, 1.9144019603616054, 1.9562756006810922, 1.6687743614826505, 2.5952756666798713, 1.626337688614452, 1.7092855353374472, 1.7216074563700468, 2.009744889624952, 1.6589705885709338, 1.9647132609036209, 1.5665020979447446, 1.8881862117312667, 1.2189495894950042, 1.7435204550745906, 1.7632881984265316, 1.7775370107912982, 1.5483368954014791, 1.9497262222573, 1.934302697198408, 1.965917031566404, 1.7664386844589095, 2.2500257035932196, 1.5780953169881466, 1.2933789022186462, 1.7738898268940302, 0.40145423019882753, 1.515395648665357, 1.4006915882806552, 1.064333571526693, 1.6162019662087883, 1.1599476894015381, 0.9788235133981236, 1.7603535677838458, 1.8529831004980495, 1.666976162505366, 1.2151331826419396, 1.6363690572524336, 1.8947851791975066, 0.7397263144360611, 1.0977339450147925, 1.8636130821035435, 1.7067068838629167, 1.1601482388788018, 1.7445534861464822, 1.105748046035463, 0.6403978270303756, 0.8574380992180987, 0.9399446646282187, 1.223462033763615, 1.8074707691818153, 1.9632621560650076, 0.7516403751826661, 1.836732725318335, 1.4533499794825808, 1.4590666563552372, 1.0179264870157443, 1.4624682012955184, 1.5952312060576712, 0.280434395971646, 0.891740227614177, 1.1656262893564862, 1.2771901312786986, 0.9847239844912636, 1.2454736607505659, 1.398523112204051, 0.8350453401105671, 0.7162798702483486, 0.46175282543313345, 0.6306404647880213, 0.747118105978147, 0.7615185500835056, 1.0094304056810415, 1.2697907552330143, 0.6587532752333668, 1.9685325684436583, 0.8979696798102639, 0.567971885388308, 0.5638089762349455, 1.0276682764888965, 0.677481910195718, 0.3795111402017336, 0.5747614837178356, 0.6842939352236561, 0.901015863026563, 1.1993971774288048, 0.9944146650341893, 0.17213391311826917, 0.16551182106633883], [2.662461022390993, 2.4682017881875544, 2.4664516156515455, 2.5806630823185928, 2.4086980055125458, 2.4735665157436557, 2.454580522204716, 2.3530817934711656, 2.4770427001508173, 2.456075362914736, 2.182685617910682, 1.916157709912871, 2.4390653330221403, 2.484142130557167, 2.5106774684295545, 2.436999838624429, 2.3890982281162665, 2.815027244587012, 2.3385738041855473, 1.9924840206351346, 2.659722503269879, 1.82523688494493, 2.2029452166774135, 1.9698425163661233, 1.8744793354769513, 2.7164812270163297, 2.2497961433433007, 2.067313869494309, 1.552036139305099, 2.072038287672067, 2.3002033586939814, 1.9417312509661186, 2.2372204296504647, 2.197073524018168, 3.000720597981646, 1.798187216674345, 2.427781583436613, 2.2321377221816254, 2.600233257014757, 2.044764042372657, 2.4218660739250617, 2.0620850169922478, 1.3112505904298433, 1.686379262490409, 1.5444422898637724, 2.13539639705975, 1.5097105697537492, 2.118530254578815, 2.0313292771953404, 1.6125511647698358, 2.3022517356286616, 1.9917492258897025, 1.6781231677248134, 1.9722468615270317, 2.1287277922859245, 1.1724004457778467, 1.9923343304311258, 1.5151133788747546, 1.8463846864927689, 2.0743326263921937, 2.1827096781864492, 2.2369384421848553, 1.7315521526853443, 1.9735968934393984, 2.124110903939931, 2.150984544083201, 1.8071740710646564, 1.8348003707752327, 1.8690949480441879, 1.6016365502834609, 2.482683963019617, 1.5650311442578835, 1.6313104903596098, 1.6500086988390872, 1.9157458811700145, 1.5923465469303404, 1.8756147702463446, 1.4973403178561175, 1.8101223179432928, 1.1662213598277027, 1.6716627705719826, 1.6808063655653707, 1.695713261206722, 1.4850055524875159, 1.866117401234919, 1.8566068206279507, 1.8714252869460462, 1.6882832138796495, 2.1548385300352653, 1.5064951102656514, 1.2407137106400696, 1.6966101643929614, 0.40157302249663956, 1.4591297088694009, 1.344256323127875, 1.0271643875050898, 1.55261046900629, 1.117473673397624, 0.9448613542933584, 1.6860205541970927, 1.7768836208526682, 1.5938015771181053, 1.1632442882208405, 1.5644629791026898, 1.8102763096726404, 0.7135917107942018, 1.0575328965419821, 1.7793230951385992, 1.63461804277922, 1.1184445160280883, 1.6752098693266047, 1.0658944524980694, 0.6246004714881399, 0.8319795960495707, 0.9058353439397824, 1.1780540826698729, 1.7272778237743118, 1.8761205317478151, 0.7279179137148691, 1.7641722625082799, 1.3877448080621297, 1.4022314214595382, 0.9705505016938821, 1.4042988553499605, 1.5262789570642457, 0.2743637566960279, 0.8576496885639782, 1.122628933503668, 1.234836942746615, 0.9362949897769526, 1.1976863981162302, 1.3331318089225623, 0.808323175315279, 0.6914992288141788, 0.4509284506494603, 0.6148654921330591, 0.7154055963179331, 0.73489055013484, 0.9722930276133498, 1.2066976847158277, 0.6295597755846585, 1.8875564757156411, 0.8675469745512931, 0.5460556983744304, 0.5368066551678748, 0.9849192251328335, 0.6487202683922577, 0.37174749652569383, 0.557819706639372, 0.662970771764853, 0.875636608268106, 1.1425191462639621, 0.9580019399771101, 0.16557718303514207, 0.1663138435034791], [2.8050878203854377, 2.5989489084035755, 2.597042228942141, 2.7187417201136603, 2.536012478919659, 2.6062719763620863, 2.585062723883787, 2.4770427001508173, 2.6088692609056476, 2.587030443702147, 2.3041941827584522, 2.013907609934034, 2.5702967982943474, 2.620690743221799, 2.646213590700048, 2.5683105453939574, 2.5182938171938556, 2.9688259484434525, 2.4658413259490106, 2.103153570799297, 2.8032563029846806, 1.9229404835989512, 2.3223440270930658, 2.074393186822991, 1.9762753847487247, 2.865928741190179, 2.368249804142007, 2.174629183292743, 1.6287616883852611, 2.1808226575379, 2.4265642708946262, 2.041091744065554, 2.363944820671823, 2.3193784110794895, 3.1659348631609463, 1.8925879159781358, 2.5630073189035416, 2.3522742075748146, 2.7444806264741097, 2.1619649117847595, 2.5532494557028445, 2.1761337867877053, 1.3761258559862595, 1.7746152075435633, 1.6246309452149101, 2.249361556309821, 1.5787040179622225, 2.241954616747715, 2.1445735469638687, 1.6924484415396661, 2.4273300859156266, 2.1080614304692507, 1.7746854983089821, 2.0836809231004505, 2.2527368250923168, 1.2367636259903838, 2.0997999418428352, 1.58841607351438, 1.946187343896523, 2.187750808091676, 2.301619173288845, 2.355226614562856, 1.8228450763972996, 2.0785148878785584, 2.243953020105874, 2.2675764701221444, 1.9094028328508985, 1.9319795927537424, 1.975017130363683, 1.683796231440979, 2.6197296449154472, 1.640426965214807, 1.7259013540927848, 1.737416711570467, 2.0295908515116126, 1.6738882736630667, 1.983741472854707, 1.5814228987648766, 1.9054633730659818, 1.2304145964807338, 1.7594438324433095, 1.7807017687177469, 1.7949144493387796, 1.5624133286935082, 1.9679671004896027, 1.9516981457469107, 1.9856696660689914, 1.783286080397355, 2.270902611820845, 1.593383759700586, 1.3051057009170608, 1.7906473444516702, 0.4028958082944419, 1.528409191444502, 1.413311316438396, 1.0731599756173857, 1.6305595097699528, 1.1698294578352413, 0.9869113127408222, 1.7766685367761617, 1.8698701919945817, 1.6827974729470003, 1.2264722750566792, 1.6519098935882608, 1.9129467649761251, 0.7459010405920279, 1.1070863893935508, 1.8816322778377843, 1.7225274750457866, 1.1699278936834148, 1.7601449610940774, 1.1150831961313301, 0.6448318272197078, 0.8639498997710644, 0.9479109658513272, 1.2339660936082173, 1.8247391507627033, 1.9820238390497578, 0.7575363094263248, 1.8530883279952493, 1.4673851510504141, 1.4719517090460454, 1.0279471232328727, 1.4755437198744796, 1.6102283304718827, 0.2822629740032243, 0.8995290200843943, 1.175598544370672, 1.2874814046091887, 0.9947646695577771, 1.2563752929935736, 1.412330687006953, 0.8416445573103428, 0.7221887092593989, 0.46487433164778674, 0.6350360535482298, 0.7540643725183672, 0.7678382639496302, 1.018053243103011, 1.28282414388547, 0.6650424298178936, 1.9864902260785575, 0.9052913958185149, 0.5729598748042716, 0.5694609015016847, 1.0371065381256548, 0.6837813998863067, 0.38192543881863683, 0.5791099894735161, 0.6896250453324488, 0.9076752876996996, 1.211345240673128, 1.0028862410679755, 0.1736342153534638, 0.16600561672881045], [2.781777012373021, 2.5770817493084466, 2.575179440216753, 2.6961180584174396, 2.5146235228998943, 2.584649507883214, 2.5633959476468333, 2.456075362914736, 2.587030443702147, 2.5654191420184325, 2.2858839519797955, 1.9962760628293008, 2.5490417187277767, 2.5995476071214303, 2.6244132839462746, 2.5471066946194862, 2.4975880743467087, 2.944702836436035, 2.445713828278277, 2.0863951672719274, 2.780153392794493, 1.9069470475210175, 2.30329872825859, 2.056976690971214, 1.9601047020933282, 2.8428303932614787, 2.348191259150608, 2.1559304534748773, 1.6140531020841968, 2.16229480833385, 2.4069732538817776, 2.0232782927775665, 2.3455576032432384, 2.300946671949223, 3.1404421839052565, 1.8765077228739835, 2.542653729922727, 2.3328291147889573, 2.722579367461045, 2.145399962236171, 2.532332298835075, 2.158705036641322, 1.363708444692613, 1.7594833433071786, 1.6106643276861792, 2.2305908521549758, 1.56341215121877, 2.225140366544352, 2.127561230212934, 1.6771978000674568, 2.407478113592749, 2.092301241601121, 1.7611564660375878, 2.0674223726771355, 2.2358399932110333, 1.2267708222493043, 2.0824850094136584, 1.5737785524118344, 1.9301773955285528, 2.1699902378671423, 2.282854846028735, 2.3353719827576125, 1.807428909231361, 2.0610945315306988, 2.2264124561660403, 2.248982025643805, 1.8945262936107725, 1.9157214736856703, 1.959664142035076, 1.669138104410531, 2.5986996722204414, 1.6252509935833044, 1.712875787640492, 1.7227988514709267, 2.0147761134723874, 1.6592904870912948, 1.968655231305975, 1.5689887739221897, 1.8893312222550842, 1.2205040067291621, 1.7444990231554758, 1.7677059341773966, 1.7815275403443949, 1.549037464679758, 1.9519571816733752, 1.93468076685385, 1.971727102893534, 1.7693008921366764, 2.2521462540667185, 1.5812736721138752, 1.2938810606858813, 1.776342832169374, 0.3958559027391069, 1.5140830573915345, 1.401025871068515, 1.0625907692251975, 1.6160540820645592, 1.158735286722566, 0.9771435679067723, 1.761964182099391, 1.8539288848072144, 1.6694744477044436, 1.2164471056799997, 1.6388476960045084, 1.8980911537265786, 0.7386204125998049, 1.09658836033999, 1.867274039610246, 1.708275796312347, 1.1586638683733637, 1.7446391721371954, 1.1043701085268993, 0.6370542764762173, 0.8544665901926791, 0.9388542970183856, 1.2223957967648353, 1.8104770523904286, 1.9665403524356433, 0.7495265987671338, 1.8366666737602753, 1.4561599577722888, 1.4587327044558396, 1.0203929762988633, 1.4625533937047348, 1.5972469978588428, 0.2786741909086622, 0.8913105283389742, 1.1645181750362343, 1.274312667394999, 0.9880180450401549, 1.2449342355445105, 1.4020172483413322, 0.8328253929658151, 0.7150253424885081, 0.4591441357490428, 0.6274241507478029, 0.7478591820307594, 0.7602834320414094, 1.0084364420179275, 1.2742636114362331, 0.6598371613971372, 1.9695831647319868, 0.8961719681419261, 0.5677691622146235, 0.5654413098076936, 1.02838296295788, 0.6781556400274635, 0.37697119228265275, 0.5727263897940782, 0.6822738737947834, 0.897413468493955, 1.2026724513273834, 0.9933753027516532, 0.17204264465285724, 0.16294057403677978], [2.481229380937448, 2.2929951357501, 2.2910575144572065, 2.404186958181836, 2.2363444583260956, 2.306158448315157, 2.282571760862157, 2.182685617910682, 2.3041941827584522, 2.2858839519797955, 2.056503557040185, 1.7617973548566284, 2.2758340404878363, 2.3320227302313565, 2.3448601867790733, 2.274836880952317, 2.232399092039952, 2.638062731460168, 2.189117344823795, 1.876073120605161, 2.483825331680561, 1.7006353780503107, 2.059774083079473, 1.8310037069675011, 1.7536324338941964, 2.5507579678423835, 2.086556192966639, 1.9098368566944215, 1.415042205632954, 1.920180540146509, 2.1589717989172947, 1.7868057693230635, 2.118536049417704, 2.070037010631657, 2.8182885373362443, 1.6663695768209095, 2.287786341620661, 2.082943149169439, 2.4474415065746165, 1.9430215225785514, 2.265049194884467, 1.9392299917744245, 1.1957693150978819, 1.5613160659432994, 1.4268724033910876, 1.9879552886245988, 1.3488987047378707, 2.022866173927575, 1.9146867491266466, 1.4710958561912677, 2.154078441155082, 1.903148890713664, 1.5964628750708778, 1.8662451995090734, 2.0325571507393874, 1.1002091042418813, 1.8603193602375745, 1.373573327221101, 1.7250641210550914, 1.94435756883126, 2.0438214451506203, 2.077130348753953, 1.606526684140914, 1.8353145457688165, 2.009104636358975, 2.0112361283799123, 1.710638079521434, 1.7044829526025131, 1.7701827685823441, 1.4748342026252697, 2.3334739802211892, 1.417254914072824, 1.5554567294725477, 1.5328952468676933, 1.8401567953627724, 1.4655888474704424, 1.785322991022728, 1.4143288329114219, 1.678962846612548, 1.0952375475177345, 1.5492305555901287, 1.6145455169052803, 1.621144504771668, 1.373450991982933, 1.7482903249338084, 1.7088969781141985, 1.812404213636914, 1.595653157049102, 2.0112402153086997, 1.4341740060003831, 1.14613388160744, 1.5965158963278014, 0.2755997198707568, 1.3163965374648245, 1.238310819494038, 0.9131326204548437, 1.4214047208756408, 1.0047324443252101, 0.8386954554685893, 1.5728601138331584, 1.645182774832059, 1.5029827442540802, 1.0885263866369523, 1.475751978246201, 1.7148751967885036, 0.636107300368246, 0.9508686077365409, 1.6923650749843615, 1.525030101340551, 1.0011208046132114, 1.5377033308551695, 0.9546905301575742, 0.5174555768499836, 0.7137953014059241, 0.8126653382457605, 1.0627084558102247, 1.6337988776451948, 1.7747991457534704, 0.6325617626759756, 1.6167763246772813, 1.3191737904774323, 1.2804165481265035, 0.9308914675803862, 1.2892507599256924, 1.4330728982026875, 0.2224735698583173, 0.7794119671420562, 1.0111864980007153, 1.084800502594305, 0.9131758126865698, 1.089433150263925, 1.2804149237794986, 0.7045415488235727, 0.6133866924151619, 0.3703505402555486, 0.5106341047527538, 0.6683443768728281, 0.653500872644991, 0.8752075006629475, 1.1806670308234868, 0.59529238386327, 1.7484125311718173, 0.7658433254717061, 0.4974156321531901, 0.5193098926120313, 0.9150704419632232, 0.6060744505484932, 0.2988739563059004, 0.4778722332008709, 0.5745519725293458, 0.7433885937889648, 1.1019868465509604, 0.8613500730957119, 0.15033509369141826, 0.10995878392960204], [2.1624281053516774, 2.008176055303396, 2.006904659419252, 2.0963902091169917, 1.960433684851301, 2.0085368795520138, 1.9960014144451672, 1.916157709912871, 2.013907609934034, 1.9962760628293008, 1.7617973548566284, 1.5680007649747512, 1.9796203123407237, 2.0092897262906577, 2.03666275420939, 1.97748858456682, 1.9375047863786414, 2.2791684772951633, 1.8946073641439036, 1.608871832147313, 2.157683800134819, 1.4826175786246831, 1.7858935182479294, 1.6022160633139153, 1.5191330684383897, 2.1969110790283692, 1.832208477312629, 1.687257427769676, 1.2758961433219147, 1.688186365310902, 1.8606954873557222, 1.588195869585425, 1.8006025773881136, 1.7734219373976812, 2.426475939265999, 1.4650818822464575, 1.959457117173315, 1.8115793046320219, 2.100038741409422, 1.6424106315727924, 1.9630843129904267, 1.6662365115293953, 1.0778245498650978, 1.374691565790119, 1.2604729704203683, 1.7353720348757495, 1.254589498880646, 1.696889366765975, 1.6392406205772243, 1.3252134281669374, 1.8656890575478586, 1.5946855623196006, 1.3470143456710255, 1.5880141383968034, 1.7050798959599662, 0.9484868579225394, 1.6163938217899316, 1.2493635542591957, 1.4974828624173142, 1.679261237920589, 1.7680360806696678, 1.82051402202744, 1.4098569010896347, 1.6048678327795234, 1.7107044461095915, 1.7437474096295529, 1.4548102318277751, 1.4928643699426387, 1.5042017414121596, 1.3095393762611869, 2.0067297715569214, 1.2912957626265311, 1.3077109196047263, 1.3424720319464194, 1.5291195166172473, 1.3022818159572496, 1.5050599351926706, 1.2068694690764499, 1.4740555834847913, 0.9430830384532034, 1.3619414026824137, 1.3415657984251421, 1.3572432572488942, 1.2112348341681398, 1.5111419303492564, 1.5183627796769636, 1.4864890877126828, 1.36029767098856, 1.7486337841788204, 1.2087666551204357, 1.0126537222839709, 1.3704371983097645, 0.37444018833249254, 1.2063436209383394, 1.0988637248815136, 0.8558487895698927, 1.2735100112464002, 0.9255562229823677, 0.7878948976877556, 1.3685854847346437, 1.4484319794032539, 1.2858221298088726, 0.9425922162009954, 1.2619393431759947, 1.456670920863279, 0.5937256365447217, 0.8758953438300512, 1.4284292909985417, 1.3268007895268552, 0.9285556216849349, 1.3720833858226755, 0.8846301710671751, 0.5389325812989898, 0.7058579973078656, 0.7511369016552316, 0.9740153970119496, 1.3910849509092715, 1.5108531233003903, 0.6136325443487, 1.4462146212931195, 1.1144398597962673, 1.1517872329664154, 0.7753466435837979, 1.1500849895868641, 1.2343994002980931, 0.23909520115124042, 0.7062968224714292, 0.9289357082410374, 1.035223869435696, 0.7405693870474689, 0.9858345212241508, 1.0641424485597866, 0.6803822606600176, 0.5768259507204295, 0.3906594764332796, 0.5299240650174282, 0.5802455118419418, 0.612226386189731, 0.8048155351737223, 0.9526031447619575, 0.5071198911938848, 1.5382753149601438, 0.7254926733418494, 0.44911685978375954, 0.426667639984328, 0.8013166395716493, 0.5261448692592989, 0.3252163352483005, 0.47360524289894823, 0.5596511653995682, 0.7467456688816609, 0.9097153282864572, 0.7934723499501168, 0.13642446286753607, 0.15712404276387906], [2.764609438955629, 2.5598731729627415, 2.557927052346709, 2.679331919356858, 2.497583462584372, 2.5688734717476835, 2.5466832756629763, 2.4390653330221403, 2.5702967982943474, 2.5490417187277767, 2.2758340404878363, 1.9796203123407237, 2.5338167166466925, 2.586580319523077, 2.609137815673254, 2.532061737336107, 2.4832479297530803, 2.929184701468328, 2.4323830067420373, 2.077000961027241, 2.763928649987577, 1.895113375739129, 2.2903128622305053, 2.043420922760449, 1.949230643840329, 2.8287623767397494, 2.331869797309532, 2.1395890232686887, 1.5984119124988458, 2.1469905624929844, 2.3948985830368144, 2.0066689222357454, 2.3371705997349776, 2.2908264370133264, 3.1250156784685736, 1.8632207397175706, 2.5315392688863727, 2.318929635218244, 2.7101628257844297, 2.138944286953909, 2.5181605531177556, 2.14855537340833, 1.3505404348660466, 1.7467634221447388, 1.5984699589174893, 2.2164468535191846, 1.5432457244829698, 2.220203795119283, 2.118350113464997, 1.661104917701491, 2.394167773619981, 2.0879006999599814, 1.7561888428686865, 2.0597817700607988, 2.230871378056579, 1.2205793343767066, 2.0702856856138414, 1.5571067725233527, 1.9190556889945998, 2.158631864698517, 2.270521611562176, 2.3195928890917825, 1.7949770890467092, 2.047660485337817, 2.218032129098613, 2.23631067850362, 1.8876318634042908, 1.9029159031451781, 1.9527008866172082, 1.6556154071403724, 2.586246808922959, 1.607747261813897, 1.708680865948338, 1.7112972012360197, 2.0122741883305126, 1.645722071910312, 1.9632788889491077, 1.562732512977474, 1.8762315638254525, 1.214493781940716, 1.7321667896634365, 1.7655213107105379, 1.7779361141981007, 1.5375802914265913, 1.9415774517930222, 1.9188757027001127, 1.9719462718461929, 1.7624206364786736, 2.238805325610542, 1.5769915693198289, 1.2840612599472643, 1.768169332583112, 0.375539944830584, 1.4968729984955456, 1.3897624967121935, 1.0480398436096707, 1.601456426126048, 1.1449387177657104, 0.9635301246981658, 1.7513812638453639, 1.8405396517733847, 1.6623731251618759, 1.209748595070493, 1.6319554569845693, 1.8914186219241715, 0.7288235284752176, 1.0835371439593748, 1.861939778565637, 1.6980375434272033, 1.144049384775456, 1.7296184089283018, 1.0905514325426955, 0.6214122171334817, 0.8380402770758614, 0.9273506208751583, 1.2084816358800476, 1.803669820455688, 1.9591847740109616, 0.7366008092453026, 1.8203832973863956, 1.4518648347326728, 1.4449527810565133, 1.0188802791924, 1.4500015070185541, 1.5893260483930454, 0.27093602619183343, 0.882211625938879, 1.1509848386253898, 1.2544926055881827, 0.9892796076493161, 1.2324082371974594, 1.4002553854305249, 0.8188505740144336, 0.7049877732102912, 0.44727182860348325, 0.6122493701324592, 0.7435402288124767, 0.7499079330319331, 0.9966135476975624, 1.276566197572463, 0.6573208134534795, 1.9554965430870634, 0.882913192304811, 0.5621867973024011, 0.5654022913247908, 1.0215279022713717, 0.6742444229980429, 0.36602540519568216, 0.5615857357667837, 0.6702191025069055, 0.8787122760473798, 1.2019976390541114, 0.9815476701590725, 0.1702612935215092, 0.15377495617616424], [2.820830157977199, 2.6087454633961524, 2.6066241134290404, 2.7334589814218386, 2.544659281091122, 2.621541012493729